1887416004
1900856002
1893496002
1891686002
1894346002
1886846003
1894336002
1888716009
1899926004
1885146006
1891116003
1888716008
1888716007
1893476002
1890626004
1887466003
1892276003
1884046004
1887246003
1895386002
1898986002
1884796003
1897306002
1885656003
1886866006
1886866005
1888516005
1880836007
1881576003
1880836006
1886886005
1890136003
1895356002
1885386003
1880836005
1890826002
1898106002
1893446002
1881716004
1886016004
1893436002
1895246004
1891336003
1898096002
1899896002
1885546004
1890746003
1897286002
